swap 0 0
divide 0 -93
subtract 1 15 0
subtract 2 -22 0
subtract 3 -36 0
subtract 4 64 0
subtract 5 -93 0
subtract 6 60 0
subtract 7 13 0
subtract 8 -54 0
subtract 9 21 0
subtract 10 -29 0
subtract 11 -29 0
subtract 12 4 0
subtract 13 -67 0
subtract 14 -96 0
subtract 15 69 0
subtract 16 3 0
subtract 17 -38 0
subtract 18 -76 0
subtract 19 -79 0
swap 1 1
divide 1 19.612903225806456
subtract 2 78.96774193548387 1
subtract 3 52.12903225806451 1
subtract 4 84.5483870967742 1
subtract 5 -141.0 1
subtract 6 5.451612903225815 1
subtract 7 64.06451612903226 1
subtract 8 -138.80645161290323 1
subtract 9 -83.74193548387096 1
subtract 10 -104.45161290322581 1
subtract 11 -6.451612903225808 1
subtract 12 57.096774193548384 1
subtract 13 -22.870967741935488 1
subtract 14 -154.32258064516128 1
subtract 15 144.4193548387097 1
subtract 16 -95.6774193548387 1
subtract 17 -17.41935483870968 1
subtract 18 -126.83870967741936 1
subtract 19 -110.16129032258065 1
swap 2 2
divide 2 -48.1140350877193
subtract 3 -11.184210526315791 2
subtract 4 54.13212719298245 2
subtract 5 -42.034539473684205 2
subtract 6 8.02467105263158 2
subtract 7 -37.36293859649123 2
subtract 8 -20.93585526315789 2
subtract 9 -49.41447368421052 2
subtract 10 61.702850877192986 2
subtract 11 13.258771929824562 2
subtract 12 30.676535087719294 2
subtract 13 -33.59265350877193 2
subtract 14 -9.236842105263143 2
subtract 15 36.57072368421053 2
subtract 16 15.430921052631582 2
subtract 17 61.76535087719298 2
subtract 18 67.27412280701753 2
subtract 19 -63.43146929824562 2
swap 3 3
divide 3 -277.746581586144
subtract 4 -955.6568026435733 3
subtract 5 1141.8343550592522 3
subtract 6 -139.9993277119417 3
subtract 7 -24.949977210574275 3
subtract 8 780.5639357338193 3
subtract 9 805.4908386508657 3
subtract 10 87.67709662716493 3
subtract 11 -69.58787602552414 3
subtract 12 -539.0693026435732 3
subtract 13 469.4490542388332 3
subtract 14 747.2587055606195 3
subtract 15 -1010.1279056517775 3
subtract 16 461.41182771194156 3
subtract 17 -526.4122607110301 3
subtract 18 66.08017319963551 3
subtract 19 989.0048655423882 3
swap 4 4
divide 4 116.83057750879601
subtract 5 -264.5621652313186 4
subtract 6 51.66365265451874 4
subtract 7 59.48006485322692 4
subtract 8 -2.634068292811037 4
subtract 9 -85.91433860211106 4
subtract 10 32.24567426350888 4
subtract 11 21.34650527752981 4
subtract 12 160.59236333560892 4
subtract 13 -55.48407223126614 4
subtract 14 10.303156015333684 4
subtract 15 131.8773138423569 4
subtract 16 -61.80531560153341 4
subtract 17 111.50437168513369 4
subtract 18 -2.085293808748659 4
subtract 19 -189.28682783700054 4
swap 5 5
divide 5 -138.83334936002157
subtract 6 32.663255693091116 5
subtract 7 11.490894579931606 5
subtract 8 -49.91292510929673 5
subtract 9 -109.06230201387064 5
subtract 10 41.69001857606874 5
subtract 11 81.34266564129578 5
subtract 12 189.22485706961646 5
subtract 13 -22.29721201650419 5
subtract 14 -4.874091419541721 5
subtract 15 81.29149511017481 5
subtract 16 35.78399825827405 5
subtract 17 130.41138248792902 5
subtract 18 -31.772275965235696 5
subtract 19 -307.5275132999737 5
swap 6 6
divide 6 40.264245629054706
subtract 7 -90.16798044153853 6
subtract 8 217.0831723937335 6
subtract 9 158.89720769432216 6
subtract 10 84.79838864399372 6
subtract 11 -119.1070924129266 6
subtract 12 -63.30736796931578 6
subtract 13 -37.05410537418062 6
subtract 14 306.5547713092715 6
subtract 15 -125.63710632565854 6
subtract 16 108.76823501591674 6
subtract 17 -42.346593329491824 6
subtract 18 76.24005909516012 6
subtract 19 173.69558071200453 6
swap 7 7
divide 7 -421.8775893102229
subtract 8 311.84217554629043 7
subtract 9 -20.578395064719643 7
subtract 10 461.39494141914304 7
subtract 11 -198.35889431620026 7
subtract 12 188.5361110188632 7
subtract 13 -49.44665987240079 7
subtract 14 539.5372793347196 7
subtract 15 -108.7248172203652 7
subtract 16 489.91892488894825 7
subtract 17 81.74309808967588 7
subtract 18 348.5121728817717 7
subtract 19 -214.80024374075043 7
swap 8 8
divide 8 5.684341886080802e-14
subtract 9 -3.552713678800501e-15 8
subtract 10 5.684341886080802e-14 8
subtract 11 -2.842170943040401e-14 8
subtract 12 2.842170943040401e-14 8
subtract 13 -7.105427357601002e-15 8
subtract 14 1.1368683772161603e-13 8
subtract 15 -1.4210854715202004e-14 8
subtract 16 5.684341886080802e-14 8
subtract 17 1.4210854715202004e-14 8
subtract 18 5.684341886080802e-14 8
subtract 19 -2.842170943040401e-14 8
swap 9 9
divide 9 20.937004685634363
subtract 10 -136.71075892201608 9
subtract 11 93.58331658188393 9
subtract 12 -99.52356154414494 9
subtract 13 -159.00661267403567 9
subtract 14 -121.1256744810635 9
subtract 15 -53.664056844758846 9
subtract 16 -181.98119748517868 9
subtract 17 67.16954992774615 9
subtract 18 -88.68600765686276 9
subtract 19 258.97731193271903 9
swap 10 10
divide 10 3499.212709249261
subtract 11 -2924.4870371385105 10
subtract 12 2213.675105000976 10
subtract 13 4810.400442435767 10
subtract 14 3274.5510643914567 10
subtract 15 1335.464103783204 10
subtract 16 4836.978232088397 10
subtract 17 -2385.766838849587 10
subtract 18 2110.970934432965 10
subtract 19 -6434.148459938524 10
swap 11 11
divide 11 -4.547473508864641e-13
subtract 12 4.547473508864641e-13 11
subtract 13 9.094947017729282e-13 11
subtract 14 4.547473508864641e-13 11
subtract 15 2.2737367544323206e-13 11
subtract 16 9.094947017729282e-13 11
subtract 17 -4.547473508864641e-13 11
subtract 18 4.547473508864641e-13 11
subtract 19 -9.094947017729282e-13 11
swap 12 12
divide 12 131.64328872683893
subtract 13 -246.79605678624057 12
subtract 14 322.2169514005001 12
subtract 15 32.54833955939202 12
subtract 16 148.595026253559 12
subtract 17 150.0885031399689 12
subtract 18 252.74615916912674 12
subtract 19 -273.69599910131626 12
swap 13 13
divide 13 -882.7643585951731
subtract 14 745.760820245153 13
subtract 15 -16.755401349773663 13
subtract 16 139.34473953615384 13
subtract 17 369.74987226407524 13
subtract 18 370.0014400386079 13
subtract 19 -212.84328457266156 13
swap 14 14
divide 14 127.97831063468138
subtract 15 -14.036599824516005 14
subtract 16 154.3781571905516 14
subtract 17 -24.548864431536124 14
subtract 18 -206.28301753531693 14
subtract 19 -156.74112502790499 14
swap 15 15
divide 15 -19.247853983407857
subtract 16 187.0660439009215 15
subtract 17 -146.78035699914415 15
subtract 18 -767.9117911313821 15
subtract 19 -140.8884538129218 15
swap 16 16
divide 16 -841.0400174469942
subtract 17 581.9700607340912 16
subtract 18 3075.547321259578 16
subtract 19 892.048915335427 16
swap 17 17
divide 17 206.30143391230467
subtract 18 407.16829452550064 17
subtract 19 -291.0545154294423 17
swap 18 18
divide 18 -94.31623476400478
subtract 19 176.5135213003149 18
swap 19 19
divide 19 667.6942140596177
